0.680375
-0.211234
0.566198
0.59688
0.823295
-0.604897
-0.329554
0.536459
-0.444451
0.10794
-0.0452059
0.257742
-0.270431
0.0268018
0.904459
0.83239
0.271423
0.434594
-0.716795
0.213938
-0.967399
-0.514226
-0.725537
0.608353
-0.686642
-0.198111
-0.740419
-0.782382
0.997849
-0.563486
0.0258648
0.678224
0.22528
-0.407937
0.275105
0.0485743
-0.012834
0.94555
-0.414966
0.542715
0.0534899
0.539828
-0.199543
0.783059
-0.433371
-0.295083
0.615449
0.838053
-0.860489
0.898654
0.0519907
-0.827888
-0.615572
0.326454
0.780465
-0.302214
-0.871657
-0.959954
-0.0845965
-0.873808
-0.52344
0.941268
0.804416
0.70184
-0.466668
0.0795207
-0.249586
0.520497
0.0250708
0.335448
0.0632129
-0.921439
-0.124725
0.86367
0.86162
0.441905
-0.431413
0.477069
0.279958
-0.291903
0.375723
-0.668052
-0.119791
0.76015
0.658402
-0.339326
-0.542064
0.786745
-0.29928
0.37334
0.912936
0.17728
0.314608
0.717353
-0.12088
0.84794
-0.203127
0.629534
0.368437
0.821944
